1
root
512
0
0
-1
-1
-1
5
-1
-1
-1
-1
-1
-1
-1
3
ls.xsm
390
0
-1
-1
-1
-1
69
-1
-1
-1
-1
-1
-1
-1
3
cat.xsm
428
0
-1
-1
-1
-1
70
-1
-1
-1
-1
-1
-1
-1
2
sample.dat
18
1
1
-1
-1
-1
71
-1
-1
-1
-1
-1
-1
-1
2
numbers.dat
1200
1
1
-1
-1
-1
72
140
146
-1
-1
-1
-1
-1
3
a23Q1.xsm
204
0
-1
-1
-1
-1
83
-1
-1
-1
-1
-1
-1
-1
3
pid.xsm
132
0
-1
-1
-1
-1
75
-1
-1
-1
-1
-1
-1
-1
3
a24Q1.xsm
428
0
-1
-1
-1
-1
77
-1
-1
-1
-1
-1
-1
-1
3
a24Q2.xsm
518
0
-1
-1
-1
-1
78
79
-1
-1
-1
-1
-1
-1
2
mydata.dat
4
1
1
-1
-1
-1
80
-1
-1
-1
-1
-1
-1
-1
2
pubFile.dat
1
1
1
-1
-1
-1
112
-1
-1
-1
-1
-1
-1
-1
3
a23Q2.xsm
144
0
-1
-1
-1
-1
84
-1
-1
-1
-1
-1
-1
-1
2
pvtFile.dat
0
1
0
-1
-1
-1
-1
-1
-1
-1
-1
-1
-1
-1
3
cp.xsm
880
0
-1
-1
-1
-1
81
82
-1
-1
-1
-1
-1
-1
3
rm.xsm
314
0
-1
-1
-1
-1
85
-1
-1
-1
-1
-1
-1
-1
3
a25Q1.xsm
924
0
-1
-1
-1
-1
86
87
-1
-1
-1
-1
-1
-1
2
cpdata.dat
4
1
1
-1
-1
-1
88
-1
-1
-1
-1
-1
-1
-1
2
nm1100.dat
1614
1
1
-2
-1
-1
89
90
91
94
-1
-1
-1
-1
3
a25Q2.xsm
766
0
-1
-1
-1
-1
92
93
-1
-1
-1
-1
-1
-1
3
a25Q3.xsm
1016
0
-1
-1
-1
-1
95
96
-1
-1
-1
-1
-1
-1
2
rdwr.dat
100
1
0
-1
-1
-1
97
-1
-1
-1
-1
-1
-1
-1
3
a25Q4.xsm
2046
0
-1
-1
-1
-1
98
99
100
101
-1
-1
-1
-1
2
merge.dat
2048
1
1
-1
-1
-1
102
103
104
105
-1
-1
-1
-1
3
ru.xsm
810
0
-1
-1
-1
-1
106
107
-1
-1
-1
-1
-1
-1
3
lu.xsm
210
0
-1
-1
-1
-1
108
-1
-1
-1
-1
-1
-1
-1
2
rdwr2.dat
100
1
0
-1
-1
-1
109
-1
-1
-1
-1
-1
-1
-1
3
wrWord.xsm
566
0
-1
-1
-1
-1
110
111
-1
-1
-1
-1
-1
-1
3
a27Q1.xsm
218
0
-1
-1
-1
-1
113
-1
-1
-1
-1
-1
-1
-1
3
a27Q2.xsm
372
0
-1
-1
-1
-1
114
-1
-1
-1
-1
-1
-1
-1
3
a27Q3.xsm
540
0
-1
-1
-1
-1
115
116
-1
-1
-1
-1
-1
-1
3
pgm1.xsm
926
0
-1
-1
-1
-1
117
118
-1
-1
-1
-1
-1
-1
2
num.dat
1200
1
1
-1
-1
-1
119
120
121
-1
-1
-1
-1
-1
2
5.dat
100
1
1
-1
-1
-1
122
-1
-1
-1
-1
-1
-1
-1
2
7.dat
100
1
1
-1
-1
-1
123
-1
-1
-1
-1
-1
-1
-1
2
11.dat
100
1
1
-1
-1
-1
124
-1
-1
-1
-1
-1
-1
-1
2
12.dat
100
1
1
-1
-1
-1
125
-1
-1
-1
-1
-1
-1
-1
2
6.dat
100
1
1
-1
-1
-1
130
-1
-1
-1
-1
-1
-1
-1
2
8.dat
100
1
1
-1
-1
-1
126
-1
-1
-1
-1
-1
-1
-1
2
13.dat
100
1
1
-1
-1
-1
128
-1
-1
-1
-1
-1
-1
-1
2
14.dat
100
1
1
-1
-1
-1
129
-1
-1
-1
-1
-1
-1
-1
2
9.dat
100
1
1
-1
-1
-1
127
-1
-1
-1
-1
-1
-1
-1
2
10.dat
100
1
1
-1
-1
-1
131
-1
-1
-1
-1
-1
-1
-1
2
3.dat
100
1
1
-1
-1
-1
132
-1
-1
-1
-1
-1
-1
-1
2
4.dat
100
1
1
-1
-1
-1
133
-1
-1
-1
-1
-1
-1
-1
3
a27Q4.xsm
548
0
-1
-1
-1
-1
134
135
-1
-1
-1
-1
-1
-1
3
pgm2.xsm
560
0
-1
-1
-1
-1
136
137
-1
-1
-1
-1
-1
-1
2
eleven.dat
100
1
1
-1
-1
-1
73
-1
-1
-1
-1
-1
-1
-1
2
twelve.dat
100
1
1
-1
-1
-1
74
-1
-1
-1
-1
-1
-1
-1
2
three.dat
100
1
1
-1
-1
-1
76
-1
-1
-1
-1
-1
-1
-1
2
four.dat
100
1
1
-1
-1
-1
138
-1
-1
-1
-1
-1
-1
-1
2
five.dat
100
1
1
-1
-1
-1
139
-1
-1
-1
-1
-1
-1
-1
2
six.dat
100
1
1
-1
-1
-1
141
-1
-1
-1
-1
-1
-1
-1
2
seven.dat
100
1
1
-1
-1
-1
142
-1
-1
-1
-1
-1
-1
-1
2
eight.dat
100
1
1
-1
-1
-1
143
-1
-1
-1
-1
-1
-1
-1
2
nine.dat
100
1
1
-1
-1
-1
144
-1
-1
-1
-1
-1
-1
-1
2
ten.dat
100
1
1
-1
-1
-1
145
-1
-1
-1
-1
-1
-1
-1
2
thirteen.dat
100
1
1
-1
-1
-1
147
-1
-1
-1
-1
-1
-1
-1
2
fourteen.dat
100
1
1
-1
-1
-1
148
-1
-1
-1
-1
-1
-1
-1
3
a27Q5.xsm
780
0
-1
-1
-1
-1
149
150
-1
-1
-1
-1
-1
-1
3
m_store.xsm
1458
0
-1
-1
-1
-1
151
152
153
-1
-1
-1
-1
-1
3
m_sort.xsm
1868
0
-1
-1
mihir
537
154
155
156
157
-1
-1
-1
-1
3
m_merge.xsm
1770
0
-1
-1
-1
-1
158
159
160
161
-1
-1
-1
-1
-1
-1
-1
-1
-1
-1
-1
-1
-1
-1
-1
-1
-1
-1
-1
-1
-1
-1
-1
-1
-1
-1
-1
-1
-1
-1
-1
-1
-1
-1
-1
-1
